1.089851 -1.157888
0.968331 -0.923555
0.194330 -0.158960
0.838444 -0.874690
0.887080 -0.873788
-1.038291 0.943656
0.250958 -0.320350
1.008516 -1.081462
0.682319 -0.720023
-0.746384 0.685934
-0.576372 0.466519
1.279765 -1.248015
0.617459 -0.615959
1.084447 -1.150223
0.102226 -0.151556
-1.104678 1.001387
-1.322556 1.103331
1.104360 -1.198012
0.780630 -0.848683
1.260589 -1.202393
1.105740 -0.990828
1.101589 -1.024369
-1.133101 1.020398
1.235944 -1.201451
1.113513 -1.103605
-1.530298 1.260098
0.513752 -0.688901
-1.166101 1.069344
1.348753 -1.345904
1.121692 -1.114682
1.145901 -1.183956
-1.272912 1.116129
0.991298 -0.983442
0.509787 -0.470987
1.022519 -1.007651
1.220483 -1.188879
1.419297 -1.484570
1.083986 -1.086427
-1.039146 0.900100
0.066374 -0.052990
1.264541 -1.228503
1.386487 -1.370434
1.217399 -1.139765
1.113299 -1.140121
0.125170 -0.153178
0.960078 -0.859689
-0.529876 0.478677
0.681379 -0.657854
0.838970 -0.956240
-1.167501 0.875865
-0.359541 0.361106
1.142611 -1.133288
1.074657 -1.084819
0.874191 -0.866465
1.336895 -1.425709
-0.412925 0.350859
0.889857 -0.944442
-0.682518 0.629705
-1.066545 0.815644
1.063669 -1.092798
1.224743 -1.213379
1.101674 -1.155955
1.070041 -0.995452
-0.528773 0.442206
1.149376 -1.269699
1.229679 -1.276225
0.745103 -0.720638
1.361834 -1.334305
1.211286 -1.263918
1.347190 -1.394715
1.105376 -1.090373
-1.233150 1.133011
1.104644 -1.063316
1.036351 -0.972315
-0.135967 0.162187
-1.448138 1.236281
0.938799 -0.807069
-0.849596 0.810956
1.175572 -1.183103
1.043959 -1.110705
-0.638412 0.655203
0.551741 -0.517613
-1.855500 1.713946
1.060536 -1.044943
-0.786605 0.821401
-0.724405 0.683515
1.133674 -1.118988
-1.179767 1.046022
1.240566 -1.187897
-1.149228 1.065182
1.243500 -1.230381
1.219440 -1.195553
-0.958047 0.869132
-1.136350 1.025364
-0.295308 0.166240
1.229271 -1.337870
1.068614 -1.072064
0.990686 -0.935611
0.935873 -0.896723
0.802380 -0.842743
0.592019 -0.674552
0.985179 -0.935562
1.120192 -1.169630
1.079779 -1.085184
-1.191645 1.050304
-0.070108 0.005890
1.196236 -1.224313
-0.866979 0.771595
1.183366 -1.081823
1.175259 -1.147867
0.437126 -0.418503
0.740250 -0.865946
1.172331 -1.241186
-1.418795 1.354428
1.331374 -1.350106
1.223864 -1.183115
-0.683718 0.665019
0.807118 -0.764331
1.262172 -1.288121
1.467685 -1.435057
1.064602 -1.047768
0.997920 -1.049789
-1.356371 1.356319
1.068280 -1.087660
1.165550 -1.169422
1.102395 -1.090326
-1.541488 1.535902
-0.977285 0.871818
0.645451 -0.532312
1.294296 -1.353678
1.078251 -1.080710
0.234297 -0.272771
1.302960 -1.286745
1.134351 -1.100019
1.049365 -1.022809
1.189583 -1.155064
1.076898 -0.992479
0.899307 -1.004002
-1.243877 1.118882
0.387088 -0.457035
1.358093 -1.328730
0.988640 -0.952449
1.207711 -1.163487
-2.268090 2.246855
1.224356 -1.154407
-1.905128 1.681249
-0.891010 0.725549
1.009753 -1.114057
-0.721483 0.585634
1.280808 -1.198871
1.354581 -1.358416
1.247926 -1.285604
1.038096 -1.121065
-1.160365 0.956304
1.045357 -0.989857
1.177817 -1.168629
-1.181957 1.037485
1.224631 -1.233402
1.148698 -1.153466
0.334830 -0.374325
0.842178 -0.824152
0.764843 -0.826357
1.191348 -1.161434
1.316830 -1.266904
1.127341 -1.069406
-0.741612 0.625584
1.034258 -1.144044
0.775163 -0.835318
0.608846 -0.582270
1.187498 -1.196627
-1.110114 0.964242
0.933071 -0.924139
1.314869 -1.321535
0.946193 -0.935440
1.120543 -1.140986
-0.777722 0.634059
0.535060 -0.528545
0.226156 -0.250886
-1.125637 0.989701
0.308575 -0.357365
0.984622 -0.936548
1.117908 -1.053534
-1.102826 0.990433
0.746624 -0.789784
1.190530 -1.205312
-1.436571 1.301891
1.160845 -1.176748
1.272439 -1.224335
1.185194 -1.198969
-0.535648 0.338097
1.167316 -1.132710
1.193498 -1.138580
-1.195055 1.026238
1.312581 -1.301913
-0.485085 0.406733
0.193048 -0.203639
1.257931 -1.208699
1.301929 -1.289937
-1.564749 1.476281
1.173981 -1.226278
1.017030 -1.064851
1.190922 -1.196876
1.345186 -1.246086
-1.265008 1.134296
1.106199 -1.134246
1.229813 -1.228204
1.172951 -1.097880
-0.710783 0.571758
1.146261 -1.135137
-0.469981 0.455249
-1.085596 0.996245
0.876207 -0.825253
1.130257 -1.186973
-0.361520 0.205182
1.119686 -1.113204
1.212990 -1.171292
-1.004764 0.866895
0.899683 -0.907593
-1.292035 1.128567
1.436037 -1.313508
1.285050 -1.271175
1.635401 -1.773445
-0.585983 0.488406
1.048694 -1.151348
0.127331 -0.055338
0.872678 -0.873429
-1.110299 0.905367
0.974836 -1.018073
1.176725 -1.123968
0.999594 -1.020638
-1.026641 0.880905
1.183726 -1.137071
1.090101 -1.040128
-0.950417 0.850503
0.908744 -0.975701
0.046150 -0.024235
1.522162 -1.432986
1.197744 -1.123802
1.268101 -1.215126
1.067171 -1.082917
-1.252375 1.213769
1.043863 -1.005299
-1.203531 1.177736
1.108303 -1.180191
-1.430069 1.318071
0.812997 -0.744084
1.127147 -1.103732
-0.656516 0.590748
-0.108997 0.116109
1.496479 -1.543376
0.940251 -1.003191
1.071349 -1.136264
-1.195748 0.954721
-1.174950 1.073292
1.027490 -0.966112
-1.144006 0.912045
1.529230 -1.467082
-1.358242 1.231845
1.258827 -1.286786
0.766491 -0.822186
-0.831079 0.746074
-1.945564 1.760001
-1.584545 1.468812
1.064758 -1.040844
1.111035 -1.131576
0.904072 -0.846974
1.012387 -0.952643
1.127696 -1.141577
-1.117063 0.977686
1.028446 -1.027249
1.066788 -1.114653
1.131674 -1.131447
1.221943 -1.187465
1.477876 -1.442296
0.694531 -0.612244
1.281899 -1.260298
1.093726 -0.990827
1.129683 -1.084859
1.070256 -0.954183
0.880594 -0.852584
1.133294 -1.357903
1.167147 -1.206273
0.612727 -0.583369
-1.360057 1.305304
1.020090 -0.989156
1.213623 -1.231802
1.223460 -1.241512
1.159133 -1.095997
1.079287 -0.950284
-1.123375 1.069177
1.131315 -1.101476
1.097471 -1.048707
-1.066469 0.992279
0.559990 -0.507497
0.992137 -0.954723
1.143848 -1.202160
-0.746980 0.600206
1.008453 -1.107862
-0.295579 0.305046
-0.168300 0.141534
1.581541 -1.554968
1.137912 -1.060164
1.153688 -1.155906
0.310400 -0.328495
1.106760 -1.085572
0.475322 -0.483629
1.195702 -1.217784
0.086438 -0.155299
1.225185 -1.159973
1.008348 -0.994191
1.072522 -1.154514
1.089960 -1.103271
1.116798 -1.148499
-1.670909 1.551007
1.253163 -1.259884
0.921945 -0.818205
-1.340663 1.240281
1.368330 -1.309690
0.327495 -0.378951
0.970146 -0.908341
0.088495 -0.183772
1.271027 -1.259480
1.120901 -1.141166
-1.297367 1.203999
1.140556 -1.142166
0.210615 -0.247016
1.157967 -1.133857
-0.611405 0.569214
-0.974794 0.895014
1.202808 -1.303460
-1.356418 1.263294
-0.927296 0.811353
-0.591532 0.532517
0.637875 -0.727356
0.769895 -0.768857
1.006153 -0.948655
-1.243816 1.145914
0.731693 -0.768487
-0.484551 0.375402
-1.233896 1.228404
1.286020 -1.261414
0.937926 -0.931900
-0.296562 0.260507
1.129082 -1.157871
1.128642 -1.144423
1.099565 -0.993345
1.245866 -1.235174
1.077373 -1.118858
1.081986 -1.102413
1.321637 -1.359767
-0.804710 0.627841
1.016939 -1.099371
1.059039 -1.068348
1.063274 -1.120297
1.124456 -1.005720
1.287125 -1.332337
1.342966 -1.340759
-1.220305 1.117730
1.265563 -1.215381
0.994637 -1.004499
0.181138 -0.187643
1.154286 -1.169574
0.324475 -0.299737
1.150291 -1.066014
1.057305 -1.116520
1.313287 -1.348384
1.190808 -1.193152
-1.551619 1.485348
1.230047 -1.220452
-0.559607 0.401710
1.226785 -1.223341
0.521473 -0.513420
-1.282900 1.136956
1.110477 -1.091131
1.172807 -1.187654
-0.608487 0.438249
-1.023819 0.788770
1.270021 -1.269083
0.940293 -0.933569
0.323330 -0.302105
-1.138218 1.106408
0.850855 -0.877696
-1.025870 0.939570
0.788644 -0.778085
1.148467 -1.120490
0.712556 -0.626268
0.928314 -0.903244
-0.078200 0.131827
0.719808 -0.801991
1.004030 -1.021743
0.932017 -0.985319
-1.125380 0.897171
-0.451477 0.391649
1.169698 -1.196896
1.107509 -1.106839
0.956625 -1.045354
1.000118 -1.006377
-0.665896 0.584253
1.404212 -1.492671
1.162198 -1.202909
0.925295 -1.017424
-1.560275 1.454479
-1.406855 1.335077
-1.376662 1.279403
-1.320192 1.175827
1.067434 -0.952861
1.239190 -1.255515
1.008295 -1.034994
1.280689 -1.178442
0.606792 -0.661171
1.040475 -1.195691
-0.682967 0.680792
0.828523 -0.806052
0.981070 -1.035983
1.230052 -1.225936
1.262136 -1.453617
-0.864088 0.660307
0.853894 -0.848859
0.988490 -0.925845
1.118099 -1.171003
1.221048 -1.319456
-0.136981 0.038048
1.313613 -1.332867
-0.931033 0.794920
-1.343950 1.213750
0.949453 -1.075703
1.209865 -1.206562
-0.601461 0.546106
1.396527 -1.323767
1.403800 -1.391210
0.219280 -0.173286
1.288133 -1.291561
1.178519 -1.084433
-1.078289 0.901205
1.193399 -1.213747
0.126629 -0.131403
1.115437 -1.071846
-0.295617 0.383038
1.317910 -1.308065
0.809756 -0.776955
1.199758 -1.109926
-1.431640 1.299224
1.337363 -1.392207
1.042881 -1.045276
1.688931 -1.659916
1.079105 -1.135399
1.265840 -1.335557
1.152165 -1.270638
1.234852 -1.165333
1.096070 -1.082581
0.777287 -0.754325
1.134787 -1.044167
0.478070 -0.372163
1.215149 -1.213560
1.785911 -1.725093
-0.656292 0.534008
1.101665 -1.070288
1.119756 -1.089050
1.189696 -1.158185
1.077673 -1.113318
1.013862 -0.991512
1.541652 -1.605824
-0.154857 0.032509
0.271887 -0.220785
1.416214 -1.397936
0.833255 -0.806772
0.792316 -0.776973
1.165896 -1.217079
0.783788 -0.860704
-0.711291 0.658528
-1.334779 1.286879
1.131337 -1.094938
1.006840 -1.097154
0.774167 -0.797163
1.322524 -1.457696
1.127357 -1.090247
-1.087161 0.946834
0.654424 -0.678739
1.117507 -1.070691
1.012831 -0.947967
1.034816 -1.036870
1.051847 -1.052029
1.050143 -1.060551
1.199112 -1.114441
0.789145 -0.796085
1.002936 -0.969738
0.739693 -0.656187
1.263599 -1.323318
1.040260 -1.108686
1.154343 -1.168215
-0.711087 0.694483
1.116051 -1.097679
-1.110835 1.058411
1.205471 -1.258684
1.105927 -1.007543
0.855816 -0.876371
1.061045 -0.984323
1.150688 -1.137480
0.517742 -0.610459
0.936214 -0.897344
-0.815342 0.703967
-0.457272 0.410461
-0.811700 0.756965
1.200493 -1.207269
1.179561 -1.188910
-0.787796 0.702395
1.164647 -1.125599
-0.374580 0.345895
-1.546993 1.360183
0.953848 -1.052181
0.612460 -0.546347
1.332006 -1.312397
1.140888 -1.165453
1.151956 -1.056695
0.492141 -0.515218
1.067564 -1.041387
0.983006 -1.033576
1.145729 -1.271680
1.101812 -1.080143
0.689024 -0.654731
0.824248 -0.701664
0.632427 -0.648563
-1.347771 1.151081
-1.086924 0.920792
0.896915 -0.855304
1.293863 -1.324740
1.274073 -1.307763
0.989373 -1.028177
-1.137148 0.930642
0.115502 -0.074574
0.597006 -0.625651
-0.547536 0.585707
0.981991 -1.008699
0.952618 -0.984043
1.069333 -1.119174
0.797715 -0.860401
-1.199472 1.071152
0.962633 -0.984172
1.255307 -1.333383
1.025715 -0.995208
-0.371872 0.341857
0.934224 -0.967595
0.903755 -0.859073
1.200999 -1.181892
1.271617 -1.230543
-0.919245 0.755043
-1.146002 0.959302
1.510538 -1.640359
-1.116822 0.986900
1.325001 -1.294726
1.185492 -1.193875
-1.561440 1.486792
1.010739 -0.936498
0.419699 -0.519002
1.126480 -1.141426
1.049452 -0.996183
1.098556 -1.074579
1.147696 -1.094289
1.233741 -1.203498
-0.871789 0.883323
-0.923393 0.873349
1.117122 -1.143904
1.221734 -1.206476
0.901990 -0.999532
1.070985 -1.086281
1.097818 -1.020288
-1.166005 1.065403
1.369502 -1.420543
1.029928 -0.967349
0.855547 -0.869851
1.156875 -1.120178
-1.196203 1.138692
0.753068 -0.743954
-1.206724 1.152084
1.135915 -1.141392
1.286909 -1.270771
1.159367 -1.165060
1.302049 -1.228767
1.215907 -1.147790
0.288057 -0.311061
1.066874 -1.141437
1.180640 -1.117973
0.708206 -0.773679
1.265281 -1.366446
0.918328 -0.977366
0.393960 -0.327435
1.113646 -1.052265
0.721148 -0.704935
1.215425 -1.303441
1.165806 -1.147013
1.326802 -1.279493
0.374131 -0.389208
-1.661921 1.532465
-0.480376 0.480993
-1.059797 0.982053
0.889508 -0.951258
1.242705 -1.190156
-1.254689 1.141984
0.587314 -0.651876
0.689607 -0.717757
1.039544 -1.116822
1.156313 -1.046899
1.135242 -1.158913
1.141120 -1.113484
0.240575 -0.226558
1.101445 -1.085307
1.029472 -0.967972
-1.418479 1.322104
0.609564 -0.624822
1.159600 -1.150870
-0.740646 0.658899
0.973533 -0.910026
0.095757 -0.122952
-1.168100 1.100119
1.144028 -1.074728
-0.194024 0.199969
1.128086 -1.152937
0.874747 -0.882661
-0.792078 0.762177
1.067371 -1.152213
-1.122645 1.037394
1.140494 -1.051513
1.526115 -1.454775
-1.397426 1.317658
-0.261783 0.249701
-1.182958 1.029953
0.042521 -0.063290
1.320870 -1.305081
0.657267 -0.714184
0.892005 -0.984726
-1.258040 1.126414
-0.144741 0.047127
0.969540 -1.004124
1.172593 -1.181790
1.389701 -1.367892
1.416824 -1.352264
-0.276701 0.209284
1.179332 -1.183035
1.325368 -1.343482
0.733214 -0.695250
1.085688 -1.141418
1.044504 -1.108925
0.974310 -1.029184
1.122792 -1.020462
1.142893 -1.121212
-1.300375 1.236224
1.199368 -1.226855
1.072269 -0.994629
-1.364728 1.319821
1.092316 -1.093763
0.900092 -0.898280
-0.998409 0.879110
1.444313 -1.416562
1.373609 -1.452007
1.112422 -1.127354
-1.361602 1.262197
1.113941 -1.119692
1.188706 -1.238607
0.900657 -0.972938
1.244494 -1.153646
1.419935 -1.322630
1.281953 -1.288103
1.377488 -1.259939
1.064847 -1.106689
1.186892 -1.265109
1.109692 -1.142723
-1.192403 1.078910
1.378568 -1.339391
1.118859 -1.103666
1.061456 -0.988786
1.328347 -1.299480
0.733403 -0.755457
-1.464523 1.368076
0.678206 -0.623066
1.206277 -1.192685
0.985194 -1.043382
1.129083 -1.136407
-1.109755 0.969353
-0.100363 0.011166
1.060190 -1.090161
-1.161868 1.069453
1.280485 -1.173345
0.424602 -0.441757
1.155778 -1.258711
-0.224148 0.273545
1.006365 -1.111915
1.134786 -1.079027
1.067140 -1.022645
-1.355714 1.205339
0.351890 -0.321487
-0.095008 -0.044848
1.164913 -1.136519
1.041189 -1.056915
0.946922 -0.932159
1.165385 -1.238081
0.675509 -0.727898
1.135370 -1.185496
1.097962 -1.023380
-0.787682 0.692689
1.097964 -1.095569
0.658744 -0.683110
1.342301 -1.371975
-1.182786 1.156705
-1.452558 1.272111
0.331416 -0.331860
-1.002528 0.999768
0.712990 -0.664956
1.220200 -1.187889
0.941928 -0.882416
1.140850 -1.135278
1.413954 -1.411645
1.488073 -1.453233
1.162360 -1.174836
1.431732 -1.482325
-1.214239 1.088849
-1.567621 1.399400
1.044082 -1.056704
-0.744213 0.768032
1.110948 -1.168051
-0.808691 0.810880
1.170029 -1.254189
1.191506 -1.090712
1.175834 -1.257196
1.152686 -1.109112
1.118469 -1.195436
1.311931 -1.309252
0.902265 -0.802642
-0.984169 0.951703
-1.404561 1.201776
1.158278 -1.101171
0.692581 -0.775001
-0.554747 0.418140
0.737067 -0.733604
0.081851 -0.128526
1.233602 -1.187556
1.257258 -1.450747
0.395255 -0.413902
-0.424819 0.246247
1.254035 -1.233842
1.344577 -1.364605
1.138435 -1.112710
-0.917895 0.817242
1.113131 -1.044082
1.462564 -1.518668
1.169483 -1.161295
1.039574 -1.041261
1.042227 -1.125032
1.145077 -1.110662
-0.954421 0.719002
1.340065 -1.331397
1.212411 -1.211000
1.282487 -1.311130
-1.273474 1.245112
1.032341 -1.109757
1.146848 -1.170243
1.209544 -1.185404
1.087403 -1.103081
1.261776 -1.184654
1.236826 -1.263008
0.887732 -0.920171
1.079884 -0.994917
1.050031 -1.071789
1.127594 -1.111554
1.189241 -1.108849
1.045217 -0.974643
1.213510 -1.238300
1.126260 -1.153203
-0.946627 0.879285
0.715848 -0.711666
1.149430 -1.125171
1.111657 -1.201259
-0.633781 0.594252
0.849996 -0.882267
0.700438 -0.617011
-1.572880 1.410585
0.597345 -0.658930
1.187232 -1.170297
1.116857 -1.185367
0.669454 -0.776168
-1.066375 1.036588
0.798191 -0.839802
0.980123 -0.885172
1.005493 -1.058629
-1.088783 1.049636
1.247114 -1.193732
1.194578 -1.210829
1.195376 -1.230950
-0.975145 0.867743
-0.810334 0.810268
1.256995 -1.320439
1.130189 -1.086649
0.567955 -0.648551
1.151319 -1.085135
1.317230 -1.235297
1.306341 -1.283760
-1.056262 1.070144
0.247521 -0.247618
-1.303810 1.298725
1.286794 -1.274793
1.295374 -1.227995
1.032610 -0.982947
-0.964034 0.808689
0.098942 -0.097081
0.785803 -0.699657
-1.806067 1.728956
1.176948 -1.230433
1.174453 -1.144425
0.947249 -0.931267
1.342749 -1.306465
1.175752 -1.198898
1.240494 -1.205718
1.410147 -1.417477
-0.034947 -0.038238
0.764549 -0.839841
-0.478324 0.370483
1.029155 -0.995954
0.519220 -0.534267
-0.300980 0.321950
1.279067 -1.241487
0.815368 -0.862956
-0.956386 0.792363
1.297566 -1.238416
0.513104 -0.516042
0.606530 -0.648424
1.194464 -1.313757
-0.692672 0.632519
-0.814202 0.746746
1.190408 -1.229881
1.060150 -1.024963
-1.220378 0.990979
1.215361 -1.233363
1.297362 -1.316695
1.296964 -1.276559
1.129182 -1.096367
-0.308274 0.247589
1.051006 -1.071840
1.093077 -1.019346
1.117707 -1.130193
0.534771 -0.554188
0.558774 -0.549056
1.098868 -1.069230
1.172397 -1.251582
-0.105609 0.038320
1.185651 -1.197756
-1.282047 1.213645
1.076129 -1.139169
1.163802 -1.132072
1.191596 -1.169999
-0.724785 0.567676
1.180801 -1.123519
1.293002 -1.236588
0.938222 -1.033944
-0.823819 0.741164
0.486461 -0.481294
1.425221 -1.381985
-0.258247 0.165879
0.960609 -0.855068
1.281018 -1.221131
0.226398 -0.276165
1.081734 -1.036917
1.051915 -1.129904
1.171929 -1.199733
1.258342 -1.203077
1.308480 -1.298617
1.034455 -1.011202
0.318636 -0.336404
1.043937 -1.045018
1.211683 -1.212512
-0.709848 0.791100
-0.702164 0.478456
-1.353388 1.248241
1.431367 -1.482976
0.286275 -0.332438
-1.207876 1.071167
0.933976 -0.925631
1.213326 -1.220194
1.214225 -1.249969
0.325370 -0.332630
0.519967 -0.595822
1.455764 -1.486953
1.300448 -1.269902
1.131688 -1.007400
-1.221749 1.091443
1.195791 -1.246550
1.245078 -1.200055
0.929902 -0.908218
-0.682843 0.563400
1.160933 -1.168342
-1.828529 1.831342
-1.338092 1.216895
1.015481 -1.006150
0.929238 -0.943057
0.859866 -0.779411
1.159948 -1.240397
-0.586416 0.388275
0.807574 -0.750452
-0.795908 0.657424
-1.164237 1.108013
1.328604 -1.384784
1.128378 -1.188265
0.627287 -0.595651
1.094838 -1.078347
1.139899 -1.124177
0.778708 -0.874394
1.119565 -1.149596
-1.604445 1.345281
1.263457 -1.263837
0.990787 -0.928370
1.121973 -1.092983
0.326737 -0.438431
0.746679 -0.647129
-1.011531 0.917816
0.445045 -0.407638
-1.340662 1.270155
0.647128 -0.662936
0.418707 -0.353802
1.258191 -1.226194
1.184148 -1.139543
1.051842 -0.938972
1.069268 -1.063260
1.200780 -1.238931
1.167271 -1.156193
-0.871345 0.791714
1.042570 -1.012763
1.086616 -1.133159
0.983527 -1.034393
1.451044 -1.458588
0.282828 -0.351351
1.137760 -1.205824
1.260524 -1.304659
1.258694 -1.364056
-1.575076 1.456381
1.136364 -1.111931
-0.834806 0.840931
-1.317914 1.211192
1.263314 -1.248238
0.887127 -0.921676
0.717960 -0.973475
-0.907023 0.810785
-0.138108 0.120968
1.077101 -1.064852
0.992189 -1.005260
1.212959 -1.230433
-1.073513 0.986078
0.867927 -0.959209
1.207477 -1.209303
1.068656 -0.990686
-0.888022 0.852025
1.206189 -1.252144
1.109812 -1.064764
0.888743 -0.926458
-1.372043 1.295064
1.001350 -0.944440
0.583434 -0.487614
-1.049405 0.838772
-1.475216 1.392245
0.007199 0.017544
1.277557 -1.384952
1.241373 -1.259440
1.269968 -1.259314
-0.185132 0.103390
1.228099 -1.231227
1.051715 -0.989483
1.122016 -1.165574
-0.561934 0.498055
1.302946 -1.198744
-1.020514 0.928657
0.983991 -0.957833
1.673387 -1.766739
1.198924 -1.207927
1.144976 -1.115909
1.223449 -1.215074
1.182946 -1.125349
-1.123339 1.104062
1.178733 -1.287925
1.372519 -1.418729
0.637095 -0.769619
1.528970 -1.506378
0.891178 -0.992577
1.090409 -1.104923
-0.962208 0.875974
0.958494 -0.948240
1.203391 -1.232074
0.004948 -0.068764
1.130271 -1.262885
1.066290 -1.022920
1.015336 -1.127064
1.323533 -1.258925
0.380836 -0.381029
-1.312479 1.239663
1.195548 -1.113112
1.180736 -1.274413
1.110778 -1.165860
1.052214 -1.018227
1.331767 -1.368301
1.256181 -1.259484
0.982232 -0.973568
1.172550 -1.106343
-1.023409 1.006223
1.226406 -1.366839
-1.317831 1.211122
1.334343 -1.325379
0.724040 -0.630785
1.242449 -1.230300
1.086208 -1.004710
1.153171 -1.131020
1.136594 -1.123770
1.271482 -1.331754
1.148335 -1.099026
0.651503 -0.660201
1.176616 -1.152324
0.875098 -0.787340
1.276995 -1.182404
1.576086 -1.535665
1.166889 -1.351948
-1.127683 0.949874
1.105050 -1.104804
1.208211 -1.181744
1.198152 -1.198717
1.339231 -1.265866
1.114587 -1.112367
1.235191 -1.337617
-1.152091 1.052448
1.185314 -1.244193
1.248061 -1.208564
1.183538 -1.157148
-1.275234 1.134340
1.074688 -1.072803
1.031324 -1.123020
1.054778 -1.079658
1.122259 -1.125483
1.129905 -1.157220
1.273956 -1.212726
1.112404 -1.148858
1.114420 -1.027918
1.005753 -0.963414
0.665471 -0.576224
-0.053814 0.048872
1.414311 -1.412284
0.835989 -0.906518
0.929740 -0.989464
0.949863 -0.930411
0.941797 -0.929293
1.097367 -1.057039
0.530187 -0.536898
1.088250 -1.113107
1.225644 -1.159585
0.421635 -0.462367
1.230418 -1.184016
1.296573 -1.278358
-0.643332 0.492641
1.241046 -1.200134
1.124058 -1.126192
0.603832 -0.581673
1.004688 -1.016739
0.788656 -0.994020
1.095348 -1.089136
0.806300 -0.753396
1.285977 -1.204498
1.095892 -1.071550
1.238026 -1.209713
1.095987 -1.110830
0.444297 -0.472359
1.262353 -1.227816
1.017453 -1.087741
-1.097072 0.999087
-1.165731 0.959743
1.070563 -1.108908
1.423422 -1.397044
1.281238 -1.332068
1.025355 -1.002694
-0.326401 0.340221
0.757673 -0.727912
0.859352 -1.033646
1.123964 -1.101028
1.142698 -1.136374
1.147993 -1.105030
1.142217 -1.167364
1.113966 -1.012865
1.215980 -1.178826
1.249633 -1.241780
1.069667 -1.014829
0.945714 -0.968181
1.244867 -1.295553
0.809566 -0.955870
1.183296 -1.173356
1.152582 -1.115895
1.173923 -1.194093
-0.176395 0.116366
1.300810 -1.299220
1.435604 -1.454614
1.004024 -0.997285
1.242193 -1.272793
0.972173 -0.946478
-0.982330 0.894763
1.091286 -1.054400
1.203403 -1.289798
-1.186115 1.102163
1.220403 -1.254532
1.346372 -1.361387
1.153512 -1.167781
-0.557849 0.551676
0.855823 -0.883480
1.036091 -1.095811
-1.099732 0.957061
0.280593 -0.325045
1.114659 -1.138876
1.194737 -1.208661
1.082370 -1.105442
-0.760914 0.515608
-1.055770 0.996977
0.576264 -0.551651
1.279235 -1.237579
1.011350 -0.978682
1.071053 -1.104897
-0.757983 0.682129
-0.084924 0.137132
-1.491245 1.405197
1.258045 -1.270452
1.113858 -1.046261
1.125904 -1.195595
-1.025733 0.869079
1.254544 -1.221816
1.027059 -0.981989
1.112388 -1.074405
-0.750107 0.670712
-0.825607 0.740516
0.960287 -1.052685
1.326974 -1.334126
1.284555 -1.300814
-1.064117 0.916459
1.233484 -1.206248
1.021903 -0.995683
1.155577 -1.185871
0.996279 -1.044865
1.063672 -0.991940
1.059711 -0.975082
-1.035496 0.941605
-1.012922 0.923415
1.211161 -1.209945
1.256291 -1.266214
1.099388 -1.067124
-0.310717 0.283951
-0.897331 0.897493
0.942674 -0.862591
-0.479446 0.449722
-0.144017 0.186743
-0.740209 0.510076
1.330618 -1.249986
0.956521 -0.837345
0.185412 -0.183184
1.128804 -1.192055
1.564583 -1.499714
1.025025 -1.058134
0.024249 -0.053893
1.006497 -1.004853
1.119435 -1.166060
1.265418 -1.343482
-1.566251 1.470693
1.140956 -1.151779
1.114044 -1.130530
1.139022 -1.158631
1.274621 -1.270419
-1.387764 1.234781
0.377835 -0.401806
1.459687 -1.427606
1.021796 -1.118926
-0.037592 -0.001995
-0.358460 0.233666
-1.039639 0.950242
-0.787415 0.636306
-0.859194 0.705660
0.017296 -0.021602
1.467819 -1.496319
-1.418270 1.289713
1.061332 -1.243356
0.456038 -0.389692
1.263120 -1.222413
1.107109 -1.137174
-0.158607 0.086998
1.037797 -1.053952
1.009399 -0.969718
-0.055333 -0.057340
0.987900 -0.999207
0.662556 -0.692817
1.146996 -1.152397
-0.623345 0.587881
-0.057437 -0.040336
0.795778 -0.763461
1.040715 -1.017448
1.019545 -1.091175
-0.611823 0.558560
0.923800 -0.888796
1.156385 -1.180203
0.522848 -0.493565
1.128327 -1.160643
-1.706507 1.591717
1.101322 -1.173386
1.250592 -1.239263
1.117592 -1.105818
1.051260 -1.212594
-0.612698 0.556478
-0.150400 0.129435
-1.595536 1.458834
-1.060543 1.048710
-0.253472 0.196604
-1.723302 1.561143
1.108202 -1.072726
1.410675 -1.414022
1.060149 -0.999867
1.194060 -1.181007
0.978284 -0.965844
1.129553 -1.162287
1.098641 -1.115538
0.747998 -0.839247
0.148002 -0.187647
1.003124 -1.019488
1.165497 -1.150454
1.289682 -1.375508
-0.480282 0.343506
1.107933 -1.101915
1.020753 -1.066644
1.300364 -1.271053
-0.740058 0.651302
-0.956160 0.823621
1.367241 -1.427981
1.146559 -1.130945
0.371599 -0.284436
-1.048478 0.988811
0.957120 -0.948615
1.169843 -1.252628
1.087748 -1.022488
-0.999582 0.874407
1.249943 -1.292521
-0.918036 0.794296
1.022892 -1.080255
-0.194281 0.197572
-0.734364 0.654794
1.145956 -1.090891
1.195195 -1.243628
1.352110 -1.374231
1.052068 -0.978250
1.119284 -1.149842
1.041103 -1.083041
0.292180 -0.253211
1.028695 -0.972090
0.926002 -0.990459
1.378982 -1.324083
1.314469 -1.298168
0.980164 -1.048652
-1.095517 0.979387
0.743627 -0.796925
1.195760 -1.186861
0.506269 -0.573295
0.630687 -0.543005
1.200320 -1.132746
0.739959 -0.695900
-1.139454 1.083558
0.168552 -0.126424
-0.300544 0.203878
-1.220410 1.094236
1.145871 -1.114516
1.108797 -1.109721
1.275764 -1.286288
1.140549 -1.138362
-1.087921 0.977696
1.137754 -1.209125
0.213569 -0.214829
-1.118574 0.972101
0.559355 -0.637606
1.216471 -1.258064
1.169275 -1.143330
0.946903 -0.988883
-0.879015 0.728127
-0.737972 0.677636
1.154742 -1.079959
-1.604946 1.429355
1.218991 -1.248677
1.007654 -1.082959
-0.379667 0.310648
1.118809 -1.149216
1.154800 -1.079390
0.989629 -1.026703
1.308888 -1.275900
1.161378 -1.191137
1.232179 -1.271463
-1.240895 1.072276
0.984078 -1.109346
0.986579 -0.945625
0.982010 -1.032367
0.585152 -0.510657
-0.734282 0.650203
-1.127972 1.027888
-1.336615 1.255030
1.176642 -1.129022
1.093574 -1.167779
0.700414 -0.692864
0.942794 -0.936674
1.080109 -1.064724
-1.585853 1.550876
1.212019 -1.166656
0.994518 -0.980859
0.951595 -1.109295
0.937834 -0.977757
1.069527 -1.069455
1.112150 -1.083316
1.075101 -1.222673
0.996863 -1.042022
1.033146 -1.060874
-0.386988 0.258008
0.876076 -1.003404
1.433699 -1.441248
-0.275969 0.229557
1.056797 -1.115051
-1.882964 1.746859
1.105604 -1.127425
1.237583 -1.191063
1.355502 -1.302964
0.974143 -0.990009
1.129823 -1.117362
1.423713 -1.474238
1.217510 -1.201459
1.283951 -1.232300
1.123926 -1.121776
1.162038 -1.170794
-0.904426 0.956351
1.278318 -1.246066
1.097522 -1.174208
1.051871 -1.039809
1.119751 -1.125760
1.043966 -1.057563
1.321736 -1.272593
1.197634 -1.152713
-0.747734 0.605869
1.012754 -1.118033
1.133847 -1.152192
1.084932 -1.094180
0.555245 -0.470786
-0.561545 0.532445
-0.892217 0.840757
1.304195 -1.231882
1.142782 -1.157238
1.230341 -1.287568
0.170264 -0.169053
1.099162 -1.105380
-1.075209 0.975191
1.169971 -1.179054
-1.594741 1.584302
0.938255 -0.899181
-0.390978 0.379079
1.100965 -1.029450
0.516759 -0.500572
0.670953 -0.651884
1.289057 -1.340907
0.309836 -0.296404
1.263098 -1.258548
0.713530 -0.675685
0.942648 -1.031584
1.082778 -1.115371
-1.216820 1.012073
0.706008 -0.671755
1.189152 -1.181086
1.235328 -1.273870
1.295638 -1.295700
0.407983 -0.429090
1.089901 -1.147482
1.247983 -1.299462
0.912295 -0.986718
-1.518860 1.468002
-1.195277 1.053801
1.020082 -1.059693
0.746475 -0.660446
-1.279580 1.234230
1.086186 -1.034152
1.092360 -1.080103
1.005098 -0.960395
0.358139 -0.313426
-0.681332 0.601412
1.151864 -1.283131
1.135023 -1.090051
-1.186499 1.149821
1.087595 -1.131833
0.840902 -0.801344
1.251321 -1.306131
1.112365 -1.115611
-1.368843 1.187189
0.469216 -0.419802
1.256529 -1.293331
-1.344858 1.165443
1.158250 -1.150507
-2.149355 1.933138
1.211635 -1.298280
0.609676 -0.632680
0.823613 -0.822770
1.185802 -1.209695
-1.138334 1.081501
1.018711 -0.985249
-0.672261 0.575794
1.027150 -1.106790
-1.335756 1.317397
1.222253 -1.176022
1.041308 -1.011588
1.060315 -1.041942
1.048509 -1.043653
-1.244120 1.051670
1.320389 -1.315182
-1.123988 0.997375
1.384014 -1.422309
0.801743 -0.873518
1.053494 -1.077976
1.112144 -1.032917
0.096250 -0.043075
-0.875744 0.777255
1.327837 -1.368768
1.146226 -1.134117
-0.939430 0.834206
0.223848 -0.263082
1.066276 -1.023985
1.054870 -1.054030
-1.223592 1.117420
0.086854 -0.117093
1.259741 -1.254181
-1.080449 0.933493
1.032873 -1.044665
1.233257 -1.226037
1.311556 -1.363045
1.107195 -1.118511
0.879778 -0.901330
0.757745 -0.737878
1.145479 -1.150508
0.858737 -0.901402
1.527698 -1.511822
1.107225 -1.109948
1.009885 -1.006259
0.136290 -0.155198
1.159881 -1.110491
-1.378168 1.304165
1.127057 -1.282936
1.284176 -1.265709
-1.057172 1.013191
0.755989 -0.906761
1.167650 -1.195189
0.385705 -0.419070
1.320925 -1.295214
0.996649 -1.032404
1.091050 -1.030709
-1.522379 1.508682
0.139564 -0.140250
-0.614561 0.620189
-1.180912 1.122730
-1.222522 1.228956
1.215639 -1.229814
-1.227793 1.108337
-1.244167 1.082458
1.357099 -1.389790
1.288672 -1.208634
-0.324904 0.368683
1.184047 -1.170734
1.069573 -1.099454
1.124052 -1.122550
1.461939 -1.455133
0.930871 -0.998393
1.051321 -1.140725
-1.168222 1.050365
0.539300 -0.498019
1.305492 -1.332364
1.371459 -1.306614
1.100059 -1.111497
0.903895 -0.950405
1.229751 -1.244897
-1.163768 1.120760
0.388166 -0.484950
-0.677680 0.567099
1.031651 -0.955204
1.265066 -1.238370
1.286947 -1.273818
-1.183309 1.149495
1.092217 -1.068775
0.609324 -0.598476
1.135932 -1.191750
1.117785 -1.024206
-0.989414 0.891413
0.393245 -0.315860
1.187016 -1.133788
0.966865 -0.962536
0.335007 -0.365556
-0.691175 0.728896
1.094472 -1.009376
1.109856 -1.190548
1.058218 -1.120121
1.121637 -1.097254
0.874803 -0.905796
1.100028 -1.027643
-0.628124 0.579561
1.226262 -1.200132
-0.909747 0.826670
0.446562 -0.491098
0.734270 -0.704059
0.979327 -1.014685
1.288487 -1.259107
1.076115 -1.115557
1.225467 -1.211399
1.035579 -1.048949
0.171831 -0.198808
0.686319 -0.695391
1.085562 -1.120349
1.075737 -1.135232
1.074959 -1.113471
0.836545 -0.807454
1.079237 -1.071543
1.111018 -1.147031
0.817082 -0.854157
-0.905670 0.871157
1.026562 -1.075776
-1.015581 0.819663
1.002218 -1.144039
-1.025441 0.961475
-1.486344 1.321508
-0.925562 0.858111
1.108396 -1.133668
0.817166 -0.735017
1.225652 -1.170426
0.402140 -0.468318
-0.944088 0.865663
1.077300 -1.100833
1.074156 -1.010759
1.108792 -1.034843
1.175590 -1.148434
-0.463124 0.436175
0.474027 -0.421197
1.288813 -1.261393
1.132938 -1.152538
0.929649 -0.987898
-0.789474 0.755160
0.285861 -0.396929
-0.944262 0.913110
-1.145074 0.976470
1.064901 -1.041450
0.624021 -0.617984
0.585698 -0.639133
0.933068 -0.886807
1.003979 -0.993107
-0.864115 0.722447
1.131966 -1.147356
1.056632 -0.970567
1.095123 -1.097036
1.218182 -1.248273
1.063427 -1.084186
-1.471683 1.447736
1.574138 -1.541647
1.417253 -1.370615
-1.044118 0.945904
1.022725 -1.143199
1.025274 -1.074649
1.257797 -1.259979
1.396999 -1.477966
0.687958 -0.582442
1.187282 -1.272531
1.107944 -1.076766
-0.410896 0.396244
0.835732 -0.791981
1.308709 -1.223656
1.109246 -1.163179
0.975005 -1.051598
1.065327 -1.066191
-1.269522 1.086891
-0.902731 0.727288
1.442906 -1.449624
-0.823658 0.658920
0.341817 -0.365854
1.065204 -1.038662
1.161286 -1.155544
1.174206 -1.237605
1.131675 -1.058994
1.104495 -1.147845
0.942131 -0.957502
1.270371 -1.299721
-0.375870 0.343098
1.348569 -1.316019
0.804441 -0.830030
-0.259040 0.236926
-0.846398 0.711761
0.201064 -0.089137
1.098209 -1.208213
1.270013 -1.193336
0.979970 -1.029355
1.116785 -1.118116
0.860200 -0.768108
0.940599 -0.950863
-0.166283 0.136364
1.142569 -1.215253
1.325840 -1.321223
1.189461 -1.229558
1.198152 -1.196832
1.016716 -1.072537
-0.622418 0.639973
1.037237 -1.050603
0.435691 -0.414298
1.121899 -1.156422
1.280210 -1.296749
1.194895 -1.205313
0.744949 -0.681332
1.295156 -1.325474
-1.234323 1.170637
1.021730 -1.070283
-0.979138 0.885849
1.111937 -1.145820
-0.413213 0.422488
1.223922 -1.293330
0.798065 -0.849123
1.122191 -1.118200
1.133894 -1.129148
-0.923738 0.844809
0.369807 -0.435388
-1.548763 1.476318
0.739043 -0.700184
-0.767057 0.582108
-0.673392 0.572364
1.064288 -1.138496
0.899869 -0.926385
0.952752 -0.904933
1.068031 -1.035756
1.067448 -1.013888
1.325252 -1.266205
-0.677655 0.625678
1.025929 -0.993114
1.450568 -1.452363
-1.150083 1.010558
0.977982 -1.074935
-1.278469 1.097233
1.301249 -1.275760
1.275002 -1.229233
-0.588579 0.539007
0.738209 -0.779870
1.197810 -1.149405
-1.696576 1.581922
-1.021657 0.927398
0.596537 -0.583219
0.631524 -0.657356
1.150827 -1.141003
1.471350 -1.525929
1.197333 -1.226101
1.160066 -1.127045
-1.584498 1.453980
0.956289 -1.015261
0.044513 -0.033639
-1.411387 1.323513
1.265680 -1.289180
1.060478 -1.049088
0.665650 -0.782297
1.114624 -1.126334
1.002602 -0.893174
-0.070690 -0.042335
-1.623778 1.584607
1.225575 -1.312448
-0.963169 0.811012
1.023523 -1.014934
0.252718 -0.253267
-0.860268 0.779627
-1.374850 1.335261
1.140726 -1.065287
0.833949 -0.968135
1.370425 -1.465952
1.239792 -1.193547
0.762303 -0.800341
1.322518 -1.466639
0.243271 -0.325455
-1.369937 1.275922
1.093810 -1.050712
1.407018 -1.341383
1.534099 -1.476145
1.159538 -1.049173
0.013741 -0.098377
1.218498 -1.138861
1.004577 -0.960680
1.199973 -1.253239
-0.479313 0.456122
-1.284855 1.245403
-0.819120 0.729980
1.025124 -1.032499
-0.974195 0.920077
1.031769 -1.122567
0.278750 -0.262094
1.031409 -1.018665
0.988961 -1.051496
1.119714 -1.099457
-0.835530 0.719110
1.277216 -1.215701
-1.327476 1.210409
1.128664 -1.183408
0.256912 -0.304964
1.262964 -1.276269
1.183919 -1.205675
1.517849 -1.515082
-0.679694 0.570538
0.730215 -0.699792
1.155789 -1.119938
0.925507 -0.842437
1.108924 -1.047427
1.199503 -1.166781
1.109556 -1.107720
-0.682592 0.559205
0.118090 -0.132334
0.777375 -0.841720
0.996271 -0.977150
1.238367 -1.260153
-1.141825 1.031979
1.237970 -1.096540
1.123498 -1.130433
1.155503 -1.202763
1.309175 -1.268701
1.121927 -1.122258
1.126271 -1.236987
0.985111 -1.028040
-0.828981 0.736163
0.784143 -0.809807
0.834331 -0.890184
0.578295 -0.587789
1.137709 -1.167524
0.761580 -0.775770
1.148467 -1.130008
0.845125 -0.882636
0.681641 -0.719063
-0.059895 0.131213
0.907079 -0.922960
1.470436 -1.477595
1.074081 -1.122602
1.195711 -1.224115
1.178190 -1.214434
1.161043 -1.264726
1.090893 -1.055396
1.198805 -1.152531
1.197093 -1.227784
1.242390 -1.220187
-1.188124 1.071681
-1.337695 1.142576
1.083308 -1.056220
1.158495 -1.145931
-1.073128 0.974177
1.010828 -1.141330
0.931605 -0.985764
0.603624 -0.659466
1.106361 -1.059275
1.360989 -1.302735
1.225352 -1.210695
-1.316894 1.151638
-0.229477 0.133698
1.163155 -1.215937
1.475828 -1.410642
0.906803 -0.932210
1.151063 -1.225570
1.337053 -1.362445
1.152794 -1.114237
1.122452 -1.114050
1.059862 -1.019501
1.100194 -1.026300
1.195761 -1.110699
-0.547437 0.571127
-1.295074 1.204770
1.230049 -1.192121
0.987788 -0.907738
1.007282 -1.096585
0.858343 -0.816556
1.019463 -1.071913
1.146145 -1.085659
1.214839 -1.190956
1.085957 -1.101388
-1.374748 1.220578
-0.919057 0.800822
0.360934 -0.318961
1.071171 -1.071807
0.993056 -0.962888
1.007503 -0.985174
1.168114 -1.133149
-0.213488 0.128244
0.582218 -0.669313
0.674739 -0.569499
1.220760 -1.230523
0.362268 -0.442240
1.139651 -1.179912
-1.122923 1.179875
1.193892 -1.119202
1.270547 -1.233343
1.045145 -1.104059
1.042057 -1.095730
1.567899 -1.535408
1.217214 -1.248401
-0.317324 0.308089
1.199341 -1.198818
-0.310723 0.199868
1.009783 -0.993183
1.118935 -1.142116
-0.972301 0.864323
-1.352451 1.253600
1.105852 -1.054279
-1.177291 1.144147
1.235625 -1.275445
0.015680 -0.091741
1.060570 -1.077961
-1.335251 1.267922
0.314647 -0.233811
1.088946 -1.089810
1.162603 -1.170353
-0.706054 0.694318
1.255304 -1.251542
1.144822 -1.164375
-1.257208 1.152092
1.025727 -1.022147
1.351987 -1.382848
1.175956 -1.231068
-3.348921 3.422969
1.148813 -1.113081
1.296888 -1.240546
1.221920 -1.146808
1.360712 -1.349845
0.860730 -0.978735
1.104205 -1.095311
1.253426 -1.275062
1.133749 -1.203117
1.572443 -1.607780
1.199280 -1.233646
-0.763989 0.820015
-0.654329 0.551283
0.293789 -0.293909
0.996221 -1.076445
-1.002277 0.829794
-1.317718 1.318385
-1.523669 1.473670
1.070902 -0.985905
0.287337 -0.387035
-1.318617 1.269689
1.096385 -1.116263
-0.898261 0.870281
1.022053 -1.073262
1.344212 -1.319737
1.180400 -1.226244
0.797132 -0.803050
1.110430 -1.087568
1.136898 -1.147617
-1.807387 1.687944
1.185630 -1.213839
1.107890 -1.169704
-0.109698 0.120613
0.987038 -0.985960
1.076041 -1.051936
0.975749 -0.993371
0.686702 -0.635992
-1.277143 1.160946
1.159718 -1.153847
-0.918271 0.855123
0.431114 -0.385170
-0.997835 0.875896
-0.855125 0.883114
-0.429478 0.307647
-0.148260 0.096214
1.073367 -1.128760
1.181472 -1.152079
1.195457 -1.288197
1.138841 -1.131522
-0.622466 0.429131
0.993106 -0.996886
1.038789 -1.089881
-1.081912 0.919250
0.812836 -0.833652
0.666658 -0.649966
1.276519 -1.244752
-1.299788 1.298049
0.557529 -0.550135
0.315115 -0.396475
1.216962 -1.168942
1.374932 -1.426643
-1.022526 0.877218
1.332709 -1.346393
0.842916 -0.837608
1.049534 -0.994038
1.207102 -1.197438
1.248314 -1.189758
0.062213 -0.137359
-0.749176 0.736342
0.866458 -0.810490
1.263795 -1.200342
-0.478856 0.341467
-0.303451 0.312319
1.800262 -1.796698
1.125347 -1.063632
1.068214 -1.062467
1.248167 -1.208726
-0.111711 0.145714
-0.816128 0.719200
1.016202 -1.039672
1.204111 -1.196887
1.008166 -1.051243
1.107127 -1.117315
-1.147499 1.044780
1.062450 -1.060032
-0.526499 0.485536
1.178502 -1.207570
1.137643 -1.108141
0.380602 -0.425081
1.062052 -1.056000
1.061606 -1.117622
1.168767 -1.192973
0.757203 -0.810062
1.037982 -1.030114
1.280070 -1.252571
1.263670 -1.263955
0.062038 -0.127925
0.467880 -0.451257
1.147744 -1.124145
1.011829 -1.072166
-1.000181 0.924377
0.375322 -0.418605
0.947221 -0.902516
-0.384291 0.346093
1.046193 -1.055130
-0.136535 0.169924
1.095052 -0.985539
1.297394 -1.246498
1.317268 -1.382017
1.192905 -1.135842
-1.025609 0.950520
1.270118 -1.238082
0.944859 -0.973191
-0.980211 0.878635
1.081365 -1.026452
0.932885 -0.909262
1.283820 -1.239311
1.416177 -1.426967
1.173261 -1.167581
0.420927 -0.538848
1.035461 -1.101558
1.143165 -1.163633
1.210762 -1.252409
1.043046 -1.001471
1.177698 -1.116307
1.246186 -1.310444
-0.992451 0.849802
1.205549 -1.156884
1.130163 -1.128233
0.129942 -0.191738
0.218294 -0.212961
-0.108114 0.124752
-0.979529 0.863538
1.143204 -1.153772
-1.004762 0.982099
1.297697 -1.295236
-0.124114 0.046549
0.848387 -0.848422
0.893501 -0.955383
1.202428 -1.170403
-1.813270 1.730718
0.813532 -0.925923
0.290003 -0.300146
1.036954 -0.969310
1.246830 -1.233351
1.326138 -1.265967
1.392060 -1.335769
1.102743 -1.168212
-1.433955 1.318281
0.426272 -0.495785
1.128440 -1.292319
1.217504 -1.182419
0.350168 -0.437597
0.317214 -0.305960
0.941322 -0.864416
1.100017 -1.081172
0.812256 -0.759190
-0.785005 0.737536
-1.220858 1.143181
0.684669 -0.699966
-0.460015 0.464607
1.115651 -1.093146
1.121750 -1.120776
1.440832 -1.353536
-1.070957 0.852063
0.723620 -0.688723
1.246575 -1.200485
-0.427139 0.305323
1.050911 -1.017534
0.595197 -0.613215
1.142048 -1.058553
1.076961 -1.053316
1.165523 -1.130828
-1.435438 1.380308
1.203897 -1.215539
1.066199 -1.038857
-0.975543 0.810867
0.322013 -0.287065
-0.373853 0.403058
1.052312 -1.068266
1.183425 -1.267698
1.071828 -1.146720
1.217839 -1.167506
1.255347 -1.170747
1.139229 -1.122071
1.232613 -1.214029
1.059068 -1.099600
1.270698 -1.257762
1.189613 -1.354060
1.152201 -1.216192
1.084568 -1.141603
0.947509 -0.941732
0.937494 -1.015068
1.062889 -1.093508
0.909335 -0.944899
0.958045 -0.903091
-1.388616 1.261968
1.352715 -1.365585
1.141527 -1.114935
1.176775 -1.148892
0.862678 -0.993334
1.260718 -1.344580
0.964193 -0.928914
1.231200 -1.198189
-1.392398 1.293173
-0.217996 0.237857
1.260167 -1.246896
1.301361 -1.236459
-1.500652 1.341885
-0.035562 -0.038103
1.203313 -1.235738
1.198596 -1.187007
1.045033 -1.089269
1.057330 -1.145932
1.167894 -1.116469
1.380299 -1.353171
1.227948 -1.297333
1.173772 -1.186575
1.187039 -1.210749
-1.058577 1.029655
0.001659 -0.007585
-1.517033 1.329237
0.801156 -0.824977
1.141137 -1.174412
-0.638145 0.645723
0.764092 -0.749413
1.122971 -1.118196
1.396319 -1.415682
0.489517 -0.491514
1.032050 -1.086156
0.414394 -0.390775
0.335920 -0.341431
1.101032 -1.149313
1.236711 -1.232554
0.827599 -0.914475
1.286536 -1.366136
1.156849 -1.114483
1.197350 -1.158705
0.425197 -0.455583
0.943664 -0.986959
-0.468152 0.426891
1.079996 -1.157882
0.158394 -0.081991
-1.378368 1.290727
0.385459 -0.377998
-0.053401 -0.028347
-1.237018 1.094248
1.137254 -1.226169
1.072452 -1.092129
1.218275 -1.114165
-0.763902 0.701652
0.983288 -0.918802
0.803583 -0.843343
1.212658 -1.210648
1.021568 -1.047715
0.989573 -0.966160
-0.800109 0.667386
1.447714 -1.540677
0.488874 -0.445992
-1.089600 0.943012
1.511364 -1.555941
1.164859 -1.153340
-1.382994 1.264073
1.252623 -1.199000
1.185884 -1.097147
1.040727 -1.036078
-0.916322 0.895571
1.121102 -1.101686
1.459286 -1.432431
0.815558 -0.758056
0.872402 -0.854040
-1.521164 1.353734
1.053550 -1.054603
1.262480 -1.311596
0.075102 -0.055696
1.201652 -1.152317
-0.341806 0.341013
1.048260 -1.221119
1.095086 -1.172780
1.358823 -1.266335
1.261387 -1.286322
0.369685 -0.310334
-1.316710 1.191141
1.446932 -1.435056
1.071265 -1.051301
1.063975 -1.047379
0.587172 -0.580333
1.428450 -1.345186
1.130765 -1.075407
1.308227 -1.291417
1.159988 -1.137691
1.217661 -1.221680
0.971151 -0.956076
-1.225374 1.085719
1.112707 -1.126284
1.292693 -1.275629
0.107057 -0.077918
0.844421 -0.910223
1.047803 -1.061764
-1.586089 1.518124
1.092166 -1.221712
0.809830 -0.876937
1.098090 -1.080541
1.105265 -1.132498
-1.055110 0.898333
0.019529 -0.010706
-1.333117 1.295777
0.806310 -0.831327
1.268611 -1.244540
1.028037 -1.094746
-0.980417 0.877094
1.192988 -1.167731
1.143388 -1.146159
1.157227 -1.157677
-1.242064 1.182513
1.203505 -1.292004
1.500067 -1.579705
1.244311 -1.437718
1.285688 -1.307063
-0.777388 0.569336
1.241354 -1.148448
0.899380 -0.795786
-1.301258 1.238918
1.356554 -1.394553
0.101036 -0.248758
0.332349 -0.445670
1.242129 -1.237582
1.171551 -1.192422
1.154271 -1.202211
1.247804 -1.260555
1.096413 -1.036397
0.882979 -0.958181
1.114370 -1.071506
1.025560 -0.993992
-1.298018 1.063278
0.936224 -0.995224
1.184957 -1.235841
1.081974 -1.153220
1.134712 -1.218823
-1.188885 1.130572
1.192345 -1.169452
0.961857 -0.982877
-0.070767 0.020330
1.070669 -1.110017
1.036227 -1.035682
0.705989 -0.712736
1.251313 -1.215045
1.245884 -1.313605
1.023110 -1.019983
1.234298 -1.279644
1.105349 -1.102697
0.235373 -0.199679
1.214951 -1.269880
1.372516 -1.395350
1.428843 -1.422174
1.222178 -1.298527
1.263358 -1.378897
1.142667 -1.227589
0.152280 -0.162605
-1.431931 1.303712
0.689843 -0.714493
-0.415297 0.325760
1.214010 -1.243647
1.136595 -1.188067
1.380944 -1.380516
1.387769 -1.487244
0.869935 -0.894862
0.873689 -1.073902
1.141543 -1.196261
1.557173 -1.533201
1.140988 -1.232592
1.108767 -1.089452
-0.731963 0.656548
1.130425 -1.110974
1.307290 -1.307056
1.196497 -1.240422
1.033676 -0.982189
0.964264 -0.918895
-0.003033 0.006059
1.088282 -1.209270
1.234797 -1.253303
1.126546 -1.108357
0.461760 -0.440088
-1.234673 1.135071
-0.877446 0.742922
-1.112593 1.008746
0.987805 -1.026147
1.155637 -1.216681
-1.248707 1.148754
0.468083 -0.566588
-0.870389 0.823714
-1.065013 0.923645
0.742575 -0.814633
0.970043 -0.981094
-1.283010 1.081650
0.937920 -1.125444
-1.103951 0.977290
1.190797 -1.144360
1.353157 -1.364769
-0.011682 0.000047
0.828000 -0.787807
1.170847 -1.156849
-1.562440 1.466879
0.409831 -0.353698
1.115042 -1.191024
1.122200 -1.061578
-0.798686 0.787575
-0.050080 0.042120
1.241312 -1.297558
1.177834 -1.177683
1.111966 -1.258308
1.250008 -1.314124
1.170014 -1.216369
-1.024221 0.954787
1.223349 -1.175449
-1.000342 0.885845
0.975405 -0.996458
1.162318 -1.165211
1.198764 -1.283342
1.141638 -1.149240
0.894339 -0.783610
1.081901 -1.175471
1.201377 -1.191156
1.361872 -1.326263
1.089388 -1.115970
1.117685 -1.107118
-0.769797 0.544532
1.227108 -1.186437
0.218442 -0.234426
1.160418 -1.104209
-1.042419 0.935136
0.709460 -0.773654
-1.313903 1.282737
0.916441 -0.922957
1.155915 -1.177584
0.521676 -0.523868
1.135617 -1.133673
1.070456 -1.115094
0.916911 -0.977612
0.993751 -1.026581
1.216308 -1.252612
0.367198 -0.432409
1.235227 -1.186720
-1.385725 1.288801
-1.249474 1.090838
1.137819 -1.067946
1.006928 -0.934357
0.642588 -0.738615
-0.522989 0.504629
1.089566 -1.022344
1.089855 -1.057918
0.851005 -0.842666
1.333760 -1.285175
1.455351 -1.447240
0.011721 -0.127983
0.862637 -0.860344
-1.260966 1.211027
1.179866 -1.122399
1.942967 -1.919704
-1.222466 1.173259
-0.438409 0.326201
1.171458 -1.149470
0.593900 -0.516732
1.141355 -1.230918
1.084107 -1.079435
-1.236159 1.159500
0.871341 -0.803706
-1.371536 1.329651
1.096444 -1.067462
1.314410 -1.242814
1.151477 -1.128759
0.942000 -0.942099
-1.063254 0.897218
1.224674 -1.147638
-0.075704 0.007458
1.285701 -1.253731
1.170833 -1.218667
1.071371 -1.023219
0.674811 -0.661414
0.055847 -0.000006
-1.027937 0.864661
1.221397 -1.232125
1.138199 -1.089611
-1.214646 1.000389
-0.462127 0.276508
0.357860 -0.418359
1.232624 -1.200778
0.233415 -0.241207
1.276130 -1.258194
1.156719 -1.205719
1.197819 -1.307286
-1.093363 0.943664
-1.263604 1.222801
-1.373478 1.311742
-1.795443 1.661702
1.225907 -1.191243
1.092509 -1.081050
0.720407 -0.682794
1.161389 -1.137060
-1.002704 1.015567
1.308901 -1.313359
-1.458777 1.327770
1.277745 -1.297747
0.491675 -0.527367
-1.207686 0.926155
1.213785 -1.282304
1.261564 -1.263977
1.217326 -1.144720
0.896149 -0.901684
1.094828 -1.044019
1.666407 -1.671631
1.346871 -1.307839
1.331841 -1.384237
1.155112 -1.127986
1.046095 -1.006922
1.161189 -1.196852
-1.597474 1.527049
1.017361 -1.035370
-0.518117 0.480773
1.183068 -1.155783
1.149177 -1.055538
1.325469 -1.365409
1.440938 -1.432139
-1.190834 0.954732
1.191728 -1.224806
1.154538 -1.181619
0.538034 -0.582920
1.166421 -1.177000
1.189399 -1.261303
1.088622 -1.111445
1.306788 -1.322641
1.298510 -1.427792
0.040330 0.017039
1.267608 -1.292967
-1.164345 0.987900
-1.554928 1.443409
-1.105735 0.950364
1.195402 -1.210735
1.144280 -1.189422
1.201499 -1.167630
1.455461 -1.445285
-1.043923 1.006294
0.373700 -0.402432
1.063869 -1.006470
1.186358 -1.170236
1.199124 -1.199895
-1.106974 1.015375
1.215047 -1.194207
1.315804 -1.354320
-1.000618 1.019674
-1.353301 1.250600
1.089798 -1.168171
-0.340956 0.292713
1.193771 -1.111657
1.055052 -1.148546
1.146778 -1.129614
0.959611 -1.005476
-1.055509 0.792945
1.027358 -0.979646
0.675523 -0.648259
1.210631 -1.197597
-0.834017 0.846881
-1.440051 1.335515
1.046158 -1.023753
1.121341 -1.036070
0.427598 -0.518521
0.716952 -0.825453
1.098012 -1.015396
-0.470457 0.376618
1.264361 -1.210309
0.545550 -0.562863
1.177336 -1.193094
-1.007047 0.921886
1.050083 -1.001891
1.245611 -1.273107
1.183493 -1.090927
0.738842 -0.631090
1.204303 -1.236846
1.324987 -1.331342
1.076829 -1.103555
1.245451 -1.259915
-1.393363 1.261414
0.911381 -0.869677
0.807432 -0.824270
1.300605 -1.310260
0.840585 -0.763153
0.996594 -1.033247
1.327828 -1.268165
1.004196 -0.995450
0.144849 -0.155154
1.028866 -1.008051
1.257422 -1.215434
1.249331 -1.229681
1.302167 -1.243314
-1.693333 1.612655
1.154738 -1.085657
1.215759 -1.200009
1.142186 -1.119845
1.377314 -1.355815
0.923807 -0.878174
1.404937 -1.345382
1.239395 -1.224096
1.205258 -1.311420
1.071681 -1.120365
1.551808 -1.510828
0.333920 -0.348800
1.044076 -1.012771
1.063268 -1.019799
1.310038 -1.286869
1.223394 -1.157126
-0.390859 0.223908
1.090427 -1.056570
0.887969 -0.854036
1.150219 -1.162501
-0.577352 0.476610
1.174415 -1.168700
1.124902 -1.144957
1.130562 -1.151795
-0.507923 0.479007
1.209004 -1.175745
1.403361 -1.435763
1.194568 -1.286894
1.260875 -1.175727
1.250704 -1.258365
0.447190 -0.403758
-1.151615 1.013269
1.185807 -1.317767
1.269966 -1.248036
1.179587 -1.172806
1.164111 -1.198683
1.313142 -1.340509
1.261714 -1.212671
1.296755 -1.353512
1.154377 -1.056844
-0.926167 0.831673
1.114477 -1.177013
1.146061 -1.111770
1.141719 -1.139202
0.959378 -0.911080
0.914785 -1.004689
1.266719 -1.178682
0.912019 -0.946718
-0.863668 0.871288
1.241904 -1.193663
-1.080908 0.970248
-0.894585 0.801368
-1.454289 1.354301
1.345049 -1.377107
1.233974 -1.214785
1.070870 -1.201278
1.197157 -1.156832
1.225689 -1.265094
0.888996 -0.879803
-0.397731 0.296030
1.164467 -1.229725
1.202095 -1.165289
1.053043 -1.082984
1.013334 -0.998769
0.895748 -0.976096
-0.056591 -0.009375
-1.819307 1.790771
0.852266 -0.834723
1.051930 -1.052758
-0.755869 0.675026
1.239542 -1.210802
-0.009124 -0.112106
1.142508 -1.188082
0.311418 -0.325754
0.621644 -0.724968
-1.121664 1.021400
0.999927 -1.043196
-1.355582 1.268495
0.924267 -0.932301
-1.576211 1.594464
1.283919 -1.289905
-0.658445 0.482544
1.322304 -1.389655
1.138000 -1.185218
1.099211 -1.076233
1.074695 -1.156686
1.136469 -1.231968
0.547883 -0.523160
1.130029 -1.165679
1.216623 -1.189537
-0.975180 0.823075
1.226373 -1.229835
1.313905 -1.230271
0.663128 -0.619274
1.123935 -1.049582
-0.935165 0.927380
-1.267435 1.244451
1.080675 -1.112509
0.510338 -0.534539
-1.307624 1.173888
-0.693522 0.588843
0.919139 -0.937712
0.413593 -0.368250
-0.493338 0.433515
0.826989 -0.729327
-1.189232 1.060409
1.059045 -1.246371
0.120876 -0.132981
0.853245 -0.975098
1.145374 -1.144161
-0.999089 0.917900
-0.460387 0.355500
1.146218 -1.216173
1.378460 -1.438113
0.960544 -0.930843
1.147535 -1.200178
0.895316 -0.866208
1.159524 -1.184324
0.987218 -0.976657
1.134561 -1.096128
0.877569 -0.955780
1.235423 -1.252703
-0.739797 0.545524
-0.254340 0.257117
1.121387 -1.026512
1.136880 -1.240652
0.235329 -0.252523
0.822537 -0.786873
1.122473 -1.122694
-1.114039 1.084860
-0.825891 0.800125
1.049813 -1.160154
1.104943 -1.170125
1.462944 -1.547707
-1.178034 1.086574
1.119710 -1.062183
0.932835 -0.924059
1.239375 -1.211811
1.414929 -1.433711
0.697850 -0.599408
1.236622 -1.257725
0.948353 -0.925717
1.071471 -1.041237
1.593851 -1.678056
1.128316 -1.103960
1.247268 -1.255158
1.211864 -1.213098
1.161379 -1.204512
1.227057 -1.309255
1.198018 -1.205666
0.953850 -1.067805
1.073581 -1.053781
1.083355 -1.240798
0.947221 -0.962836
-1.154932 1.151758
0.973011 -1.016279
1.310477 -1.414389
0.146100 -0.209643
1.340362 -1.290317
1.136057 -1.130969
0.810649 -0.889433
1.202660 -1.152943
1.317300 -1.343859
1.184806 -1.233651
-1.008472 0.937893
0.877759 -0.877000
0.004892 -0.067348
-0.074302 0.008745
0.370854 -0.403009
1.292719 -1.297075
1.311933 -1.353469
1.040403 -1.046652
-2.053428 2.008007
-1.341482 1.277163
1.276895 -1.242489
-0.231926 0.159828
-1.064908 0.982943
0.776900 -0.878332
1.185008 -1.154298
1.020321 -1.024705
1.296944 -1.345695
0.449263 -0.482379
1.319655 -1.237483
-0.527791 0.466600
1.137558 -1.136352
-0.857060 0.753450
1.226546 -1.320389
-1.111009 0.954896
1.210046 -1.173732
0.812260 -0.756347
1.163533 -1.224043
-1.322069 1.174513
1.199421 -1.116355
-1.395685 1.257068
1.093142 -1.025086
1.704429 -1.694255
1.064185 -1.164132
1.212706 -1.231558
-1.829788 1.591877
0.606932 -0.582535
1.123758 -1.095389
1.165219 -1.088890
-0.959189 0.903942
1.240178 -1.227884
0.873436 -0.914136
0.952130 -0.925323
1.324538 -1.308956
1.285114 -1.304149
-0.993502 0.863250
0.986533 -1.042302
1.051004 -1.058851
0.970084 -0.983620
0.482169 -0.463181
-0.725969 0.701581
1.010949 -1.105802
-0.343377 0.289167
1.270259 -1.193072
1.075490 -1.060801
-1.262828 1.175692
1.195536 -1.151089
0.867169 -0.934101
1.405427 -1.466827
0.701066 -0.725261
1.121538 -1.145973
1.256539 -1.307478
1.170233 -1.237164
0.552265 -0.604858
1.156703 -1.060570
1.131700 -1.161656
-1.399135 1.301763
1.211073 -1.130796
1.148488 -1.070956
-0.352545 0.301536
-1.054821 1.016949
-0.914117 0.709958
1.646070 -1.658527
1.319770 -1.258832
1.041164 -1.107382
1.084802 -1.064579
1.007987 -1.018821
1.214606 -1.126564
1.446251 -1.547231
1.028392 -0.940935
1.059707 -1.086525
1.199754 -1.159396
1.091949 -1.121467
1.092929 -1.096084
1.033563 -0.979618
-0.975672 0.907303
1.110164 -1.057264
0.473581 -0.453033
1.129913 -1.111652
1.025297 -1.016752
1.325407 -1.290338
1.129991 -1.125517
1.140794 -1.116349
0.847647 -0.826285
1.036715 -1.077899
1.198108 -1.204273
-0.842389 0.688763
1.198037 -1.273652
-1.223237 1.142879
0.544947 -0.583551
0.397209 -0.360090
1.133841 -1.175406
1.267802 -1.273298
1.477798 -1.463834
-0.906633 0.858284
0.331039 -0.343819
1.505018 -1.610676
1.240899 -1.225247
1.076456 -1.063906
0.859846 -0.955477
-0.042702 -0.071430
1.187304 -1.183537
1.182052 -1.209211
-1.424809 1.263234
1.533684 -1.517838
1.125409 -1.086529
1.113125 -1.183192
-1.191866 1.124816
1.116677 -1.192366
0.994607 -1.083612
1.019585 -1.058082
0.574567 -0.602837
-1.371515 1.285094
1.126941 -1.187154
0.673746 -0.658104
-0.950121 0.781076
-1.368615 1.212064
1.230832 -1.190762
0.688970 -0.605446
1.234991 -1.200670
1.103463 -1.104940
1.201951 -1.221915
-1.639101 1.559834
1.200618 -1.153129
1.197481 -1.214455
0.227987 -0.279592
0.996775 -1.015176
1.183781 -1.196599
-0.691629 0.492431
-0.919176 0.805511
1.242606 -1.196466
1.097852 -1.104047
1.135628 -1.162607
-1.559815 1.460897
1.165223 -1.145014
0.985709 -0.976918
1.299135 -1.363860
-1.506013 1.480597
0.585700 -0.622997
1.161644 -1.154367
1.225017 -1.152995
0.911987 -0.879372
1.069997 -1.021208
0.868623 -0.913549
0.964227 -0.936023
0.406588 -0.361632
1.113447 -1.114476
-1.241325 1.184760
0.865511 -0.778137
0.629825 -0.721964
1.086542 -1.051829
0.839641 -0.860720
1.164383 -1.190507
1.218271 -1.234763
1.092100 -1.068269
0.030225 -0.129215
1.203721 -1.158984
1.296481 -1.300907
-0.746170 0.661795
0.538028 -0.539563
0.582156 -0.634876
1.519032 -1.435126
1.119122 -1.182839
1.091032 -1.140018
0.732444 -0.726476
1.140645 -1.176358
1.242575 -1.160925
-0.917715 0.951562
1.094045 -1.055930
0.706671 -0.848589
1.442159 -1.368211
1.029715 -1.074121
-0.640994 0.551963
-1.456961 1.289186
1.019553 -0.977975
1.308138 -1.299780
0.991156 -0.911011
-0.118108 0.048261
1.387090 -1.303260
1.348383 -1.465812
-1.744863 1.713247
1.008635 -1.064170
1.285162 -1.267280
0.735064 -0.713597
0.970313 -1.033712
0.440355 -0.455379
-0.932518 0.695766
1.168019 -1.192172
1.281271 -1.346755
1.249071 -1.283124
1.216688 -1.202517
1.204195 -1.210648
1.249145 -1.250896
0.644032 -0.621665
1.093054 -1.073226
-0.863119 0.685863
1.147814 -1.165471
0.126974 0.001997
1.084378 -1.166574
-1.207724 1.093423
1.465607 -1.522633
1.249922 -1.283782
-1.279513 1.116032
1.086762 -1.100179
0.466729 -0.481503
1.265764 -1.220714
1.144250 -1.161644
0.106632 -0.110822
-0.952719 0.906798
1.083644 -1.057060
1.060459 -1.045533
0.668372 -0.653513
1.127348 -1.188008
-1.193507 1.173547
1.007715 -1.097619
0.998366 -1.017082
-0.075440 -0.002533
0.697791 -0.712180
1.101671 -1.174708
1.641842 -1.584420
1.063885 -1.031907
1.169248 -1.174978
0.604307 -0.600371
1.286638 -1.310441
-1.296579 1.187742
1.143923 -1.116904
1.127868 -1.100890
-1.362027 1.212041
0.984027 -1.048156
1.132074 -1.132080
-0.839197 0.828964
-1.398524 1.285705
1.087027 -1.062795
1.132870 -1.193303
1.120692 -1.072012
-1.202983 1.168658
1.171507 -1.110710
-1.275843 1.086477
0.920840 -0.908212
1.127491 -1.156259
1.128448 -1.100267
1.084569 -1.083475
-0.719414 0.629471
1.229711 -1.234367
0.661046 -0.635517
1.139679 -1.100044
1.263156 -1.240433
1.289261 -1.275668
-1.114204 0.929827
-0.874637 0.740413
0.796077 -0.778799
0.537770 -0.751240
0.707685 -0.693330
0.517861 -0.539988
-0.912782 0.793552
-1.021176 0.847273
0.025855 -0.100198
1.253263 -1.222794
1.286511 -1.311306
1.299698 -1.296052
1.159675 -1.195646
1.069979 -1.049779
1.012833 -0.944552
1.192911 -1.147027
1.181552 -1.132720
-0.794059 0.766191
1.333719 -1.327040
1.112479 -1.083051
-1.267598 1.183373
1.296024 -1.288657
0.185174 -0.222837
-1.096682 0.973336
1.211367 -1.207599
0.987337 -0.964778
1.177453 -1.106685
-0.655643 0.545541
-0.935076 0.892482
1.016792 -1.033303
1.372808 -1.340896
1.233677 -1.341122
1.272964 -1.299881
1.185652 -1.223585
1.069865 -1.079466
1.260606 -1.185998
0.768119 -0.793734
1.091198 -1.156236
0.681406 -0.657719
1.080643 -1.074577
1.022206 -0.967055
1.030648 -1.112370
1.005053 -1.034043
1.176656 -1.189363
1.133719 -1.189283
1.316735 -1.495833
0.982392 -0.970351
-1.209529 0.974755
1.083252 -1.095272
0.989299 -1.079197
1.031426 -1.040437
0.945568 -1.013194
1.066287 -1.197333
-0.854671 0.792323
1.079780 -1.107226
1.180949 -1.161695
-1.326672 1.237537
1.098168 -1.153026
1.051299 -1.058038
-1.086057 0.927988
1.041612 -1.029653
1.356744 -1.314769
1.199527 -1.138790
1.175646 -1.157666
1.150044 -1.103428
-1.351787 1.277275
-1.617475 1.413321
1.033765 -1.059280
1.064554 -0.987736
0.957334 -1.109715
-0.926834 0.956014
1.212852 -1.147661
1.267862 -1.230223
1.031568 -1.027815
1.147717 -1.174399
1.123815 -1.132502
1.101693 -1.059239
0.104740 -0.112893
1.196045 -1.150828
1.068920 -1.066252
1.273986 -1.217226
1.121910 -1.297849
1.203422 -1.288144
1.301451 -1.443739
0.871686 -0.840091
1.338570 -1.287087
0.656071 -0.806433
1.258335 -1.284675
1.058291 -0.990727
1.162178 -1.147764
1.125654 -1.126299
1.448358 -1.416559
-0.556473 0.522291
1.179496 -1.143111
1.216648 -1.221991
1.089688 -1.156044
1.013977 -1.037985
1.204231 -1.175919
0.925256 -0.858698
1.233587 -1.234911
-1.512740 1.437583
1.158729 -1.098239
0.909484 -0.833684
0.935371 -0.938842
0.528148 -0.618436
0.913381 -0.921552
0.881814 -0.884877
1.050796 -1.028240
1.125822 -1.134005
0.903691 -0.894688
0.879579 -0.919457
-1.047930 0.880981
1.205896 -1.293859
0.970923 -0.909171
1.144606 -1.156920
1.089004 -1.084813
0.166488 -0.178910
1.562757 -1.617589
1.183489 -1.256571
1.117880 -1.089069
0.972103 -0.936391
-1.626623 1.581348
1.235391 -1.245204
-0.672736 0.626635
1.134160 -1.170936
-1.542082 1.401538
1.079625 -0.993879
0.775698 -0.816648
0.242312 -0.369663
1.135331 -1.173640
1.279945 -1.211535
-0.454175 0.350818
1.131885 -1.085214
1.183259 -1.233248
0.212625 -0.194754
1.126795 -1.133946
1.364749 -1.405693
1.158048 -1.246172
1.205662 -1.192374
1.172827 -1.109203
1.196661 -1.269256
1.249917 -1.205365
-0.687997 0.451946
0.888147 -0.976918
1.231343 -1.156416
1.067220 -1.025996
1.073974 -1.058935
0.604278 -0.740926
-1.333903 1.159915
1.205146 -1.152428
0.860122 -0.854783
1.137003 -1.127470
-0.936753 0.776382
1.320126 -1.283682
1.127198 -1.078506
1.231447 -1.248495
1.017562 -1.087249
1.058511 -1.066846
1.252540 -1.160868
-0.766065 0.701272
-1.352033 1.271899
1.014779 -0.998922
0.382329 -0.324727
1.127081 -1.091653
-0.876157 0.831625
-0.972778 0.828056
1.101568 -1.137502
1.484918 -1.414226
0.535709 -0.730501
0.759114 -0.824086
0.695441 -0.665370
-0.900206 0.801099
-1.462110 1.322016
1.179287 -1.085937
1.061381 -1.162254
1.317250 -1.299683
-0.601896 0.583177
1.348886 -1.297685
1.233648 -1.251454
1.360059 -1.330584
1.295750 -1.287320
0.730511 -0.776326
1.154255 -1.171587
-0.842814 0.782536
0.421155 -0.419966
1.135357 -1.214957
1.056352 -1.048273
0.944874 -1.013307
1.170224 -1.117213
1.199138 -1.110629
0.966827 -1.051964
1.057226 -0.987046
0.731943 -0.780431
1.101545 -1.099110
1.165999 -1.185053
1.160390 -1.181537
1.048037 -1.092372
1.058477 -1.011482
-1.735698 1.581052
0.903269 -0.982433
1.175166 -1.193280
1.137159 -1.168304
1.158157 -1.133250
1.289569 -1.240097
-0.610637 0.609811
-0.690886 0.638347
0.980380 -0.905528
1.015262 -1.037791
1.111600 -1.066643
1.072766 -1.090173
1.324147 -1.315438
1.136496 -1.084979
1.208344 -1.053744
-1.667910 1.535989
-0.857401 0.855351
1.057349 -1.038955
1.162901 -1.203888
1.168034 -1.170669
1.194809 -1.422437
0.299647 -0.273112
1.065612 -1.073360
-1.071686 0.997456
0.878956 -0.794735
1.105782 -1.021092
1.313255 -1.321626
1.307967 -1.211879
1.075164 -1.163058
1.076700 -1.076118
1.145991 -1.235497
-1.365118 1.260615
0.910792 -0.935213
1.490429 -1.454066
1.014594 -1.181257
0.882031 -0.946784
-1.440762 1.256855
1.050529 -0.994914
1.018878 -1.070821
0.902034 -0.860404
-0.395601 0.435628
0.981501 -0.952716
1.216521 -1.197491
1.218479 -1.241933
0.935297 -1.012465
0.150507 -0.155687
-1.365930 1.227948
1.437029 -1.423350
1.089945 -1.022396
0.365260 -0.354995
-1.339461 1.189451
-0.884433 0.763845
0.367374 -0.369544
1.150068 -1.092171
1.008952 -0.958268
1.164919 -1.146927
0.395507 -0.333967
1.016577 -1.059253
1.195882 -1.099141
0.620840 -0.591469
0.925398 -0.815945
1.206510 -1.214556
1.140121 -1.232262
0.504188 -0.519041
1.037103 -1.035172
0.975662 -1.104419
1.242434 -1.225255
1.169669 -1.164251
1.202692 -1.161401
1.212935 -1.204879
0.620027 -0.697374
-1.136244 0.903754
0.154188 -0.197113
1.228107 -1.209103
1.110734 -1.175525
-0.286255 0.169558
-1.393178 1.332116
0.710533 -0.801321
-1.261518 1.101235
1.126350 -1.096880
0.221256 -0.171419
-1.344249 1.260140
1.209319 -1.257177
1.113845 -1.109540
0.888212 -0.892111
1.164636 -1.117751
1.103367 -1.064287
1.224839 -1.140073
1.232918 -1.208348
0.769898 -0.803970
1.302501 -1.232752
1.013120 -1.058894
1.271506 -1.302027
0.990856 -0.965251
1.189181 -1.125048
-0.919136 0.674679
1.064288 -1.165858
0.390416 -0.429385
1.168788 -1.094042
1.607786 -1.657236
-0.614922 0.560439
1.219692 -1.216919
1.034405 -1.000686
1.180800 -1.130376
0.920007 -0.916225
0.962521 -1.041839
1.195419 -1.166383
-1.448161 1.237887
1.277458 -1.180188
0.719947 -0.610473
-1.136883 1.003233
1.192103 -1.125238
1.139735 -1.062548
-1.324021 1.229255
1.111465 -1.132881
0.972285 -1.067748
1.168261 -1.180782
1.159527 -1.210263
0.346139 -0.326969
1.548292 -1.614977
1.037080 -1.081128
0.656907 -0.768066
0.925473 -0.932161
1.401997 -1.480062
1.293799 -1.199233
1.278696 -1.239239
1.207292 -1.207376
0.419690 -0.368831
1.053208 -1.004700
1.113035 -1.024695
0.723229 -0.771139
-1.609963 1.557677
0.329184 -0.272598
1.412467 -1.394396
-0.113592 -0.031692
-0.507615 0.422451
1.215161 -1.185087
-2.241408 2.298310
1.173080 -1.094416
1.292375 -1.236117
1.301912 -1.331926
1.048463 -1.002005
1.169590 -1.123125
-0.657828 0.461902
1.274798 -1.238237
-0.608598 0.548781
1.152728 -1.207738
1.003702 -1.095305
0.085160 -0.086365
0.550802 -0.584015
1.021902 -1.007681
0.700101 -0.670963
0.398705 -0.456685
1.466691 -1.490062
0.480789 -0.596292
1.212568 -1.171585
1.035593 -1.159903
-1.169063 0.989065
1.524191 -1.443881
1.011951 -1.015830
0.653394 -0.724650
1.083147 -1.120273
1.264384 -1.269103
-1.353262 1.281749
1.141719 -1.168298
0.779069 -0.884773
-1.135734 0.914025
1.031394 -1.036676
-1.070682 0.895303
0.941824 -0.938073
1.126314 -1.130316
1.360873 -1.411868
1.061470 -1.148031
-1.024795 1.004054
1.230230 -1.138117
1.237598 -1.311401
-1.386871 1.220003
0.409396 -0.291055
1.137835 -1.185992
1.044053 -1.088997
1.160348 -1.117012
0.170457 -0.204086
1.154305 -1.097349
1.412364 -1.433822
0.541287 -0.564615
1.354955 -1.336084
1.224226 -1.295494
0.543965 -0.504189
1.081590 -1.034286
1.386746 -1.371112
1.047064 -1.012581
-0.614733 0.585813
0.971365 -0.999596
1.075063 -1.039464
1.276668 -1.283177
0.512420 -0.483624
-0.498937 0.423877
1.238691 -1.250542
1.525479 -1.551189
1.207626 -1.187731
0.424809 -0.444422
-0.473944 0.305369
1.287841 -1.318274
1.382613 -1.295838
0.746119 -0.839522
1.044208 -1.055730
0.841103 -1.044766
1.234880 -1.149872
-0.667899 0.546670
1.097725 -1.177920
-1.189328 1.017087
-0.623098 0.563629
-2.945018 3.095437
1.153138 -1.128409
0.684836 -0.641573
1.205124 -1.131605
-0.822254 0.790758
0.761264 -0.658127
1.270100 -1.250031
-1.377678 1.215376
0.740377 -0.725717
1.257900 -1.261510
0.943297 -0.901646
0.954759 -1.152602
1.003798 -1.045932
-1.453648 1.410087
1.088765 -1.041245
-0.452121 0.332194
-0.640824 0.568682
-1.376175 1.283936
0.927958 -0.966748
-0.153063 0.103665
1.159781 -1.203418
1.017969 -1.174455
0.985940 -0.961132
0.879718 -0.994702
-1.611171 1.481568
1.285018 -1.312582
1.005520 -1.089667
0.417481 -0.385836
1.079714 -1.160340
0.890823 -0.858548
0.119952 -0.181933
1.303326 -1.288947
0.335893 -0.326233
1.027489 -1.036888
1.181670 -1.156650
1.212598 -1.274727
1.296337 -1.203969
1.186773 -1.192593
0.268892 -0.216629
1.103252 -1.026484
1.351600 -1.313973
1.227130 -1.193035
-1.325528 1.159727
1.397251 -1.429130
-1.532275 1.374690
1.058739 -1.158607
0.530317 -0.562696
1.214407 -1.242587
0.504399 -0.466706
0.629826 -0.877312
1.085275 -1.117944
1.149754 -1.085818
0.976733 -1.011380
1.284610 -1.329829
1.186855 -1.170444
1.231141 -1.247278
1.184997 -1.195573
-1.235752 1.187133
-1.822707 1.755764
1.127868 -1.077693
-0.977321 0.806308
1.073022 -1.048491
1.137242 -1.170022
1.170045 -1.102838
1.193730 -1.145728
0.803100 -0.752790
1.307855 -1.272603
0.920266 -0.959073
0.525555 -0.651358
-1.208594 1.062827
1.138202 -1.257734
1.161707 -1.133178
1.169337 -1.141806
1.512498 -1.576445
1.091633 -1.114209
-0.633628 0.498079
1.252162 -1.260548
-1.017272 0.896667
0.388269 -0.373994
-1.321423 1.239010
1.196107 -1.130822
0.888514 -0.973093
-1.329845 1.323034
1.235583 -1.243435
-1.069720 0.971105
0.896905 -1.037789
1.275241 -1.392745
-0.312997 0.237874
1.090575 -1.000206
1.173653 -1.164160
0.875907 -0.871387
1.167469 -1.074141
-1.309887 1.091935
1.010379 -0.932728
1.292687 -1.274807
1.126150 -1.281617
1.277181 -1.259802
1.234151 -1.153174
-0.619718 0.566646
1.082527 -1.088640
1.055969 -1.029739
-1.259375 1.117271
1.105127 -1.046744
-1.087920 0.950586
1.091849 -1.087349
-0.747024 0.648282
-0.446005 0.424525
1.256601 -1.299307
0.822676 -0.799991
-1.637582 1.641158
0.724954 -0.822720
0.390317 -0.440789
-0.747378 0.663791
1.104372 -1.039178
1.099442 -1.078149
1.025744 -1.004543
1.213619 -1.286106
-0.447524 0.348811
0.866973 -0.833711
1.431163 -1.602821
1.214829 -1.210731
1.149905 -1.125920
-1.505182 1.227614
0.949679 -0.876505
1.197352 -1.147073
1.135979 -1.098287
-1.366732 1.245792
-1.300231 1.149962
-0.861180 0.826829
-1.091432 0.939043
0.955387 -0.983038
-0.804316 0.643473
0.193060 -0.191789
1.145800 -1.106184
0.960988 -0.967294
1.205728 -1.173845
-1.318641 1.255159
1.196091 -1.157141
-0.842264 0.744076
1.055494 -1.114285
1.018150 -1.002733
1.148291 -1.160939
-1.113317 1.008979
-1.226301 1.132007
1.216776 -1.228966
1.076036 -1.002664
0.392093 -0.386934
1.085732 -1.035080
1.315814 -1.366490
1.232176 -1.373500
1.241010 -1.133314
1.232695 -1.247234
1.210965 -1.259703
1.027586 -0.999864
1.516885 -1.632961
-0.920513 0.854321
0.972672 -0.936830
1.176493 -1.183267
0.988545 -1.079255
0.921124 -0.814324
1.231729 -1.242346
0.815154 -0.876108
1.254459 -1.274538
1.359189 -1.367036
-1.084902 0.992179
1.198873 -1.253705
1.189338 -1.179557
1.260937 -1.191061
0.946045 -0.904255
1.236292 -1.271860
0.533178 -0.476667
0.628804 -0.626187
1.181856 -1.279976
-1.314966 1.195002
1.074316 -1.055598
1.089506 -1.001717
1.201959 -1.201924
-0.301293 0.206054
1.116965 -1.224199
1.043125 -1.038452
0.447745 -0.521160
-0.312293 0.320468
1.307266 -1.317700
-1.632595 1.539712
-1.006035 0.981514
1.138981 -1.046885
-1.096456 1.023812
1.013866 -1.166695
1.205796 -1.195288
1.187008 -1.228714
0.663689 -0.635724
0.817423 -0.844506
1.017071 -1.031618
-1.226546 1.064312
0.864794 -0.975620
0.712718 -0.749213
1.137025 -1.149441
1.189121 -1.172310
-0.319824 0.347685
-1.175812 1.014361
0.918208 -0.972046
-1.120999 1.004953
1.006082 -0.969772
-1.315070 1.211820
-0.162150 0.079451
-1.270233 1.153685
1.544514 -1.551056
0.696662 -0.672989
1.012534 -0.965012
1.370306 -1.266120
-1.457710 1.423839
0.894005 -0.941032
1.163354 -1.238704
1.291280 -1.362545
1.210496 -1.206656
1.171626 -1.187538
0.893918 -0.850663
0.972654 -0.860277
1.161481 -1.206159
1.377005 -1.395297
-0.367758 0.332765
0.919594 -0.918664
0.464628 -0.430025
1.116662 -1.075073
1.121368 -1.226545
1.259039 -1.158008
0.725459 -0.778048
1.199080 -1.217935
1.199413 -1.171150
0.784386 -0.802309
0.198096 -0.298052
1.280434 -1.227502
1.262742 -1.366136
1.546517 -1.539098
1.268993 -1.231697
1.184783 -1.153877
1.152350 -1.202207
0.905056 -0.913144
-1.538441 1.527708
0.769422 -0.793203
1.306010 -1.389968
-1.113919 0.826310
1.270820 -1.263379
1.239033 -1.201509
1.235552 -1.254241
1.122259 -1.061226
1.034576 -1.048408
-1.285666 1.198924
-1.004405 0.886649
-1.516036 1.358438
1.166300 -1.165750
1.175942 -1.140281
1.131423 -1.144344
1.023547 -1.010075
1.248240 -1.243451
1.143925 -1.079925
0.986926 -1.010508
1.102706 -1.045999
-0.691158 0.662277
1.116085 -1.071931
1.188197 -1.098763
1.289499 -1.259969
0.779070 -0.746410
1.158046 -1.120943
1.070657 -1.060579
-0.798757 0.619905
1.106102 -1.059037
-1.194467 1.056465
0.940161 -1.038421
0.697018 -0.790703
1.158736 -1.191353
0.995986 -1.024606
-0.872715 0.843326
0.578618 -0.508419
1.193277 -1.120892
0.999656 -0.959513
1.178536 -1.195149
1.152433 -1.116284
1.162468 -1.202478
0.216117 -0.280431
-1.208792 0.914301
-1.496817 1.358227
-0.258772 0.135976
1.240156 -1.125649
-0.769985 0.591190
1.280246 -1.199435
1.345132 -1.342509
1.071817 -1.056380
0.021250 -0.012054
0.549252 -0.496539
-0.887869 0.807848
-1.672536 1.554648
-0.917795 0.868933
-0.833042 0.751361
1.373069 -1.363549
1.048668 -1.026376
1.247916 -1.272571
0.384923 -0.396512
1.019045 -1.000518
1.245777 -1.216598
-0.489656 0.286356
-1.050747 0.910995
1.171073 -1.187107
1.180588 -1.139334
1.522479 -1.407463
0.960102 -1.004248
1.140221 -1.115936
0.944677 -1.024446
0.974228 -0.933840
0.379888 -0.364522
-1.397337 1.332534
1.318939 -1.251573
-1.455143 1.337628
1.155013 -1.155716
0.931917 -0.887693
-0.854486 0.681661
0.595553 -0.577824
1.190761 -1.120542
1.263449 -1.210825
-1.341110 1.238025
1.261761 -1.177012
-1.148184 1.026371
-0.002128 -0.039367
-1.204002 1.007506
1.247706 -1.268165
1.115220 -1.191833
-1.099615 1.032641
0.957779 -0.973786
0.959944 -1.003361
1.363785 -1.396056
1.174092 -1.105536
-1.305292 1.108534
-0.313683 0.289607
1.178756 -1.237125
1.123496 -1.096499
1.013399 -1.065858
0.742821 -0.689278
1.202525 -1.201748
1.118902 -1.204825
-0.097306 0.103146
1.567452 -1.524565
0.636744 -0.686697
1.125082 -1.058117
1.257198 -1.364328
1.127576 -1.191970
1.167393 -1.144674
0.547499 -0.539559
0.937261 -0.871847
1.051825 -1.130099
0.050638 -0.034310
1.137378 -1.078882
0.650506 -0.660052
-1.376544 1.259590
-1.881001 1.849367
1.041509 -1.108999
0.748113 -0.826987
1.133887 -1.067518
1.027480 -0.922391
1.049510 -1.090673
-1.338188 1.272230
1.123586 -1.098830
1.184934 -1.176484
0.104847 -0.110768
1.187401 -1.184188
0.911915 -0.868442
1.244723 -1.172902
-0.836469 0.828993
1.250537 -1.271368
-1.156349 1.019513
-1.335208 1.232077
0.997105 -1.096696
0.937323 -0.977343
0.650712 -0.647162
-0.717397 0.638680
1.188466 -1.153782
-0.609113 0.576570
1.081564 -1.120056
1.183214 -1.174485
0.995947 -1.009891
0.631064 -0.610160
0.674352 -0.696841
-1.313312 1.167646
0.932232 -0.926708
1.234616 -1.316087
1.126423 -1.115729
-0.261755 0.295109
-1.456105 1.319039
1.414014 -1.399658
1.077879 -0.985088
1.299545 -1.338341
0.121358 -0.150685
-1.040199 0.759110
1.231541 -1.149199
0.899498 -0.905217
1.091033 -1.075878
-0.784165 0.654142
1.097258 -1.066471
1.141878 -1.064238
1.037853 -1.034342
1.367717 -1.431774
1.194905 -1.166055
1.197916 -1.186596
1.101399 -1.111340
1.105247 -1.193775
0.361678 -0.242904
1.227546 -1.177168
1.307629 -1.303563
1.054286 -1.029996
1.156897 -1.058820
1.068078 -1.059196
0.757666 -0.686351
1.352685 -1.385372
1.360871 -1.344853
